20 3 -1
10 52 -1
20 30 -1
10 55 -1
20 36 -1
20 3 -1
10 52 -1
20 30 -1
10 93 -1
20 36 -1
20 3 -1
10 52 -1
20 30 -1
10 113 -1
20 36 -1
20 3 -1
10 52 -1
20 30 -1
10 5 -1
20 36 -1
20 3 -1
10 52 -1
20 30 -1
10 56 -1
20 36 -1
20 3 -1
10 52 -1
20 30 -1
10 108 -1
20 36 -1
20 3 -1
10 52 -1
20 30 -1
10 48 -1
20 36 -1
20 3 -1
10 52 -1
20 30 -1
10 35 -1
20 36 -1
20 3 -1
10 52 -1
20 30 -1
10 78 -1
20 36 -1
20 3 -1
10 52 -1
20 30 -1
10 88 -1
20 36 -1
20 3 -1
10 52 -1
20 30 -1
10 59 -1
20 36 -1
20 3 -1
10 52 -1
20 30 -1
10 84 -1
20 36 -1
20 3 -1
10 52 -1
20 30 -1
10 108 -1
20 36 -1
20 3 -1
10 52 -1
20 30 -1
10 109 -1
20 36 -1
20 3 -1
10 52 -1
20 30 -1
10 10 -1
20 36 -1
20 3 -1
10 52 -1
20 30 -1
10 103 -1
20 36 -1
20 3 -1
10 52 -1
20 30 -1
10 70 -1
20 36 -1
20 3 -1
10 52 -1
20 30 -1
10 112 -1
20 36 -1
10 111 -1
10 63 -1
10 92 -1
20 29 -1
10 54 -1
30 -1 0
20 10 -1
10 54 -1
20 6 -1
30 -1 0
20 17 -1
10 25 -1
10 93 -1
20 6 -1
30 -1 0
20 11 -1
20 44 -1
10 54 -1
30 -1 0
20 29 -1
10 31 -1
20 30 -1
20 30 -1
30 -1 0
20 30 -1
20 30 -1
30 -1 0
20 30 -1
20 30 -1
10 40 -1
20 29 -1
10 83 -1
30 -1 0
20 29 -1
20 48 -1
10 25 -1
10 46 -1
30 -1 0
20 34 -1
40 3 0
20 29 -1
10 25 -1
10 37 -1
30 -1 0
20 34 -1
40 4 0
20 29 -1
10 25 -1
10 54 -1
30 -1 0
20 34 -1
40 4 0
20 29 -1
10 54 -1
10 58 -1
20 10 -1
20 11 -1
20 44 -1
10 31 -1
20 30 -1
20 30 -1
20 2 -1
30 -1 0
30 -1 0
20 2 -1
20 30 -1
20 30 -1
10 40 -1
20 29 -1
10 11 -1
30 -1 0
20 34 -1
10 45 -1
20 29 -1
10 54 -1
30 -1 0
20 34 -1
40 18 0
20 29 -1
10 54 -1
20 6 -1
30 -1 0
20 34 -1
30 -1 0
20 29 -1
10 46 -1
30 -1 0
20 34 -1
40 2 0
20 29 -1
10 92 -1
20 27 -1
20 27 -1
10 93 -1
30 -1 0
20 34 -1
20 2 -1
30 -1 0
20 2 -1
20 29 -1
10 93 -1
30 -1 0
20 34 -1
20 2 -1
30 -1 0
20 2 -1
20 29 -1
10 92 -1
20 27 -1
20 27 -1
10 119 -1
30 -1 0
20 34 -1
30 -1 0
20 2 -1
30 -1 0
20 2 -1
20 29 -1
10 119 -1
30 -1 0
20 34 -1
30 -1 0
20 2 -1
30 -1 0
20 2 -1
20 29 -1
10 11 -1
30 -1 0
20 34 -1
10 101 -1
20 29 -1
10 15 -1
30 -1 0
20 34 -1
20 9 -1
30 -1 0
20 9 -1
20 29 -1
10 54 -1
30 -1 0
20 34 -1
40 6 0
30 -1 0
20 29 -1
10 54 -1
30 -1 0
20 34 -1
40 7 0
30 -1 0
20 29 -1
30 -1 0
30 -1 0
20 34 -1
30 -1 0
20 29 -1
10 37 -1
30 -1 0
20 34 -1
40 6 0
30 -1 0
20 29 -1
30 -1 0
30 -1 0
20 34 -1
10 101 -1
20 29 -1
10 11 -1
30 -1 0
20 34 -1
30 -1 0
20 29 -1
10 37 -1
30 -1 0
20 34 -1
40 9 0
20 29 -1
10 37 -1
20 6 -1
30 -1 0
20 34 -1
30 -1 0
20 29 -1
10 92 -1
20 27 -1
20 27 -1
10 113 -1
20 30 -1
10 54 -1
20 36 -1
30 -1 0
20 34 -1
20 44 -1
40 7 0
20 17 -1
40 8 0
20 17 -1
40 10 0
20 48 -1
20 29 -1
10 92 -1
20 27 -1
20 27 -1
10 5 -1
20 30 -1
10 46 -1
20 17 -1
40 11 0
20 36 -1
30 -1 0
20 34 -1
20 44 -1
40 14 0
30 -1 0
20 17 -1
40 15 0
30 -1 0
20 17 -1
40 16 0
30 -1 0
20 17 -1
40 17 0
30 -1 0
20 17 -1
40 8 0
30 -1 0
20 48 -1
20 29 -1
10 92 -1
20 27 -1
20 27 -1
10 56 -1
20 30 -1
10 92 -1
20 27 -1
20 27 -1
10 93 -1
20 36 -1
30 -1 0
20 34 -1
20 44 -1
20 2 -1
30 -1 0
20 2 -1
20 17 -1
20 2 -1
30 -1 0
20 2 -1
20 17 -1
20 2 -1
30 -1 0
20 2 -1
20 48 -1
20 29 -1
10 92 -1
20 27 -1
20 27 -1
10 108 -1
20 30 -1
10 92 -1
20 27 -1
20 27 -1
10 93 -1
20 17 -1
10 54 -1
20 36 -1
30 -1 0
20 34 -1
20 44 -1
20 44 -1
20 2 -1
30 -1 0
20 2 -1
20 17 -1
40 25 0
20 48 -1
20 17 -1
20 44 -1
20 2 -1
30 -1 0
20 2 -1
20 17 -1
40 26 0
20 48 -1
20 48 -1
20 29 -1
10 113 -1
20 30 -1
10 54 -1
20 36 -1
30 -1 0
20 34 -1
20 44 -1
40 25 0
20 17 -1
40 26 0
20 17 -1
40 27 0
20 48 -1
20 29 -1
10 5 -1
20 30 -1
10 46 -1
20 17 -1
40 28 0
20 36 -1
30 -1 0
20 34 -1
20 44 -1
40 1 0
30 -1 0
20 17 -1
40 2 0
30 -1 0
20 17 -1
40 3 0
30 -1 0
20 17 -1
40 7 0
30 -1 0
20 17 -1
40 8 0
30 -1 0
20 48 -1
20 29 -1
10 48 -1
20 30 -1
10 54 -1
20 36 -1
30 -1 0
20 34 -1
20 44 -1
40 31 0
20 17 -1
40 25 0
20 17 -1
40 26 0
20 48 -1
20 29 -1
10 56 -1
20 30 -1
10 92 -1
20 27 -1
20 27 -1
10 93 -1
20 36 -1
30 -1 0
20 34 -1
20 44 -1
20 2 -1
30 -1 0
20 2 -1
20 17 -1
20 2 -1
30 -1 0
20 2 -1
20 17 -1
20 2 -1
30 -1 0
20 2 -1
20 48 -1
20 29 -1
10 56 -1
20 30 -1
10 54 -1
20 36 -1
30 -1 0
20 34 -1
20 44 -1
40 27 0
20 17 -1
40 28 0
20 17 -1
40 29 0
20 48 -1
20 29 -1
10 25 -1
10 56 -1
20 30 -1
10 54 -1
20 36 -1
30 -1 0
20 34 -1
20 44 -1
40 30 0
20 17 -1
40 31 0
20 17 -1
40 34 0
20 48 -1
20 29 -1
10 56 -1
20 30 -1
10 54 -1
20 36 -1
20 6 -1
30 -1 0
20 34 -1
30 -1 0
20 29 -1
10 25 -1
10 56 -1
20 30 -1
10 54 -1
20 36 -1
20 6 -1
30 -1 0
20 34 -1
30 -1 0
20 29 -1
10 108 -1
20 30 -1
10 92 -1
20 27 -1
20 27 -1
10 93 -1
20 17 -1
10 54 -1
20 36 -1
30 -1 0
20 34 -1
20 44 -1
20 44 -1
20 2 -1
30 -1 0
20 2 -1
20 17 -1
40 27 0
20 48 -1
20 17 -1
20 44 -1
20 2 -1
30 -1 0
20 2 -1
20 17 -1
40 28 0
20 48 -1
20 48 -1
20 29 -1
10 92 -1
20 27 -1
20 27 -1
10 48 -1
20 30 -1
10 54 -1
20 36 -1
30 -1 0
20 34 -1
20 44 -1
40 35 0
20 17 -1
40 25 0
20 17 -1
40 26 0
20 48 -1
20 29 -1
10 92 -1
20 27 -1
20 27 -1
10 35 -1
20 30 -1
10 37 -1
20 36 -1
30 -1 0
20 34 -1
20 44 -1
40 9 0
20 17 -1
40 4 0
20 17 -1
40 10 0
20 48 -1
20 29 -1
10 35 -1
20 30 -1
10 37 -1
20 36 -1
30 -1 0
20 34 -1
20 44 -1
40 9 0
20 17 -1
40 4 0
20 17 -1
40 10 0
20 48 -1
20 29 -1
10 92 -1
20 27 -1
20 27 -1
10 78 -1
20 30 -1
10 54 -1
20 36 -1
30 -1 0
20 29 -1
30 -1 0
30 -1 0
20 10 -1
40 38 0
20 11 -1
20 29 -1
30 -1 0
30 -1 0
20 10 -1
40 39 0
20 11 -1
20 29 -1
10 78 -1
20 30 -1
10 54 -1
20 36 -1
30 -1 0
20 29 -1
30 -1 0
30 -1 0
20 10 -1
40 38 0
20 11 -1
20 29 -1
30 -1 0
30 -1 0
20 10 -1
40 39 0
20 11 -1
20 29 -1
10 92 -1
20 27 -1
20 27 -1
10 74 -1
20 30 -1
10 54 -1
20 36 -1
30 -1 0
20 29 -1
30 -1 0
30 -1 0
20 10 -1
40 40 0
20 11 -1
20 29 -1
30 -1 0
30 -1 0
20 10 -1
40 41 0
20 11 -1
20 29 -1
10 74 -1
20 30 -1
10 54 -1
20 36 -1
30 -1 0
20 29 -1
30 -1 0
30 -1 0
20 10 -1
40 40 0
20 11 -1
20 29 -1
30 -1 0
30 -1 0
20 10 -1
40 41 0
20 11 -1
20 29 -1
10 92 -1
20 27 -1
20 27 -1
10 88 -1
20 30 -1
10 15 -1
20 36 -1
30 -1 0
20 29 -1
30 -1 0
30 -1 0
20 10 -1
20 9 -1
30 -1 0
20 9 -1
20 11 -1
20 29 -1
30 -1 0
30 -1 0
20 10 -1
20 9 -1
30 -1 0
20 9 -1
20 11 -1
20 29 -1
10 88 -1
20 30 -1
10 15 -1
20 36 -1
30 -1 0
20 29 -1
30 -1 0
30 -1 0
20 10 -1
20 9 -1
30 -1 0
20 9 -1
20 11 -1
20 29 -1
30 -1 0
30 -1 0
20 10 -1
20 9 -1
30 -1 0
20 9 -1
20 11 -1
20 29 -1
10 92 -1
20 27 -1
20 27 -1
10 59 -1
20 30 -1
10 93 -1
20 17 -1
10 54 -1
20 36 -1
30 -1 0
20 34 -1
20 44 -1
20 44 -1
20 2 -1
30 -1 0
20 2 -1
20 17 -1
40 29 0
20 48 -1
20 17 -1
20 44 -1
20 2 -1
30 -1 0
20 2 -1
20 17 -1
40 30 0
20 48 -1
20 17 -1
20 44 -1
20 2 -1
30 -1 0
20 2 -1
20 17 -1
40 31 0
20 48 -1
20 48 -1
20 29 -1
10 59 -1
20 30 -1
10 93 -1
20 17 -1
10 54 -1
20 36 -1
30 -1 0
20 34 -1
20 44 -1
20 44 -1
20 2 -1
30 -1 0
20 2 -1
20 17 -1
40 29 0
20 48 -1
20 17 -1
20 44 -1
20 2 -1
30 -1 0
20 2 -1
20 17 -1
40 30 0
20 48 -1
20 17 -1
20 44 -1
20 2 -1
30 -1 0
20 2 -1
20 17 -1
40 31 0
20 48 -1
20 48 -1
20 29 -1
10 92 -1
20 27 -1
20 27 -1
10 84 -1
20 30 -1
10 54 -1
20 36 -1
30 -1 0
20 34 -1
20 44 -1
40 42 0
20 17 -1
40 43 0
20 17 -1
40 44 0
20 48 -1
20 29 -1
10 84 -1
20 30 -1
10 54 -1
20 36 -1
30 -1 0
20 34 -1
20 44 -1
40 42 0
20 17 -1
40 43 0
20 17 -1
40 44 0
20 48 -1
20 29 -1
10 92 -1
20 27 -1
20 27 -1
10 109 -1
20 30 -1
10 93 -1
20 36 -1
30 -1 0
20 34 -1
20 44 -1
20 2 -1
30 -1 0
20 2 -1
20 17 -1
20 2 -1
30 -1 0
20 2 -1
20 17 -1
20 2 -1
30 -1 0
20 2 -1
20 48 -1
20 29 -1
10 109 -1
20 30 -1
10 93 -1
20 36 -1
30 -1 0
20 34 -1
20 44 -1
20 2 -1
30 -1 0
20 2 -1
20 17 -1
20 2 -1
30 -1 0
20 2 -1
20 17 -1
20 2 -1
30 -1 0
20 2 -1
20 48 -1
20 29 -1
10 92 -1
20 27 -1
20 27 -1
10 60 -1
20 30 -1
10 54 -1
20 17 -1
10 93 -1
20 36 -1
30 -1 0
20 34 -1
20 44 -1
20 44 -1
40 29 0
20 17 -1
20 2 -1
30 -1 0
20 2 -1
20 48 -1
20 17 -1
20 44 -1
40 29 0
20 17 -1
20 2 -1
30 -1 0
20 2 -1
20 48 -1
20 17 -1
20 44 -1
40 30 0
20 17 -1
20 2 -1
30 -1 0
20 2 -1
20 48 -1
20 48 -1
20 29 -1
10 60 -1
20 30 -1
10 54 -1
20 17 -1
10 93 -1
20 36 -1
30 -1 0
20 34 -1
20 44 -1
20 44 -1
40 29 0
20 17 -1
20 2 -1
30 -1 0
20 2 -1
20 48 -1
20 17 -1
20 44 -1
40 29 0
20 17 -1
20 2 -1
30 -1 0
20 2 -1
20 48 -1
20 17 -1
20 44 -1
40 30 0
20 17 -1
20 2 -1
30 -1 0
20 2 -1
20 48 -1
20 48 -1
20 29 -1
10 92 -1
20 27 -1
20 27 -1
10 61 -1
20 30 -1
10 54 -1
20 36 -1
30 -1 0
20 34 -1
20 44 -1
40 45 0
20 17 -1
40 46 0
20 17 -1
40 45 0
20 48 -1
20 29 -1
10 61 -1
20 30 -1
10 54 -1
20 36 -1
30 -1 0
20 34 -1
20 44 -1
40 45 0
20 17 -1
40 46 0
20 17 -1
40 45 0
20 48 -1
20 29 -1
10 92 -1
20 27 -1
20 27 -1
10 10 -1
20 30 -1
40 46 0
20 36 -1
30 -1 0
20 10 -1
40 47 0
20 11 -1
20 29 -1
20 25 -1
20 25 -1
40 11 0
10 92 -1
20 27 -1
20 27 -1
10 73 -1
20 30 -1
10 54 -1
20 17 -1
10 93 -1
20 36 -1
30 -1 0
20 10 -1
40 50 0
20 17 -1
20 2 -1
30 -1 0
20 2 -1
20 11 -1
20 29 -1
10 10 -1
20 30 -1
40 47 0
20 36 -1
30 -1 0
20 10 -1
40 48 0
20 11 -1
20 29 -1
20 25 -1
20 25 -1
40 11 0
10 73 -1
20 30 -1
10 54 -1
20 17 -1
10 93 -1
20 36 -1
30 -1 0
20 10 -1
40 50 0
20 17 -1
20 2 -1
30 -1 0
20 2 -1
20 11 -1
20 29 -1
10 92 -1
20 27 -1
20 27 -1
10 103 -1
20 30 -1
10 54 -1
20 17 -1
10 37 -1
20 17 -1
10 93 -1
20 36 -1
30 -1 0
20 10 -1
40 0 0
20 17 -1
40 12 0
20 17 -1
20 2 -1
30 -1 0
20 2 -1
20 11 -1
20 29 -1
10 103 -1
20 30 -1
10 54 -1
20 17 -1
10 37 -1
20 17 -1
10 93 -1
20 36 -1
30 -1 0
20 10 -1
40 0 0
20 17 -1
40 12 0
20 17 -1
20 2 -1
30 -1 0
20 2 -1
20 11 -1
20 29 -1
10 92 -1
20 27 -1
20 27 -1
10 70 -1
20 30 -1
10 54 -1
20 36 -1
30 -1 0
20 34 -1
40 1 0
20 29 -1
10 92 -1
20 27 -1
20 27 -1
10 70 -1
20 30 -1
10 54 -1
20 36 -1
30 -1 0
20 29 -1
10 70 -1
20 30 -1
10 54 -1
20 36 -1
30 -1 0
20 34 -1
40 1 0
20 29 -1
10 70 -1
20 30 -1
10 54 -1
20 36 -1
30 -1 0
20 29 -1
10 92 -1
20 27 -1
20 27 -1
10 112 -1
20 30 -1
10 54 -1
20 17 -1
10 93 -1
20 36 -1
30 -1 0
20 34 -1
40 2 0
20 29 -1
10 92 -1
20 27 -1
20 27 -1
10 112 -1
20 30 -1
10 54 -1
20 17 -1
10 93 -1
20 36 -1
30 -1 0
20 34 -1
20 2 -1
30 -1 0
20 2 -1
20 29 -1
10 112 -1
20 30 -1
10 54 -1
20 17 -1
10 93 -1
20 36 -1
30 -1 0
20 34 -1
40 2 0
20 29 -1
10 112 -1
20 30 -1
10 54 -1
20 17 -1
10 93 -1
20 36 -1
30 -1 0
20 34 -1
20 2 -1
30 -1 0
20 2 -1
20 29 -1
10 112 -1
20 30 -1
10 54 -1
20 17 -1
10 93 -1
20 36 -1
20 6 -1
30 -1 0
20 34 -1
30 -1 0
20 29 -1
10 47 -1
20 10 -1
10 54 -1
30 -1 0
20 34 -1
40 52 0
20 29 -1
30 -1 0
20 30 -1
40 49 0
20 29 -1
30 -1 0
20 14 -1
20 14 -1
20 11 -1
20 44 -1
10 31 -1
20 30 -1
20 30 -1
30 -1 0
20 14 -1
40 33 0
20 30 -1
20 30 -1
10 40 -1
20 29 -1
20 48 -1
10 54 -1
30 -1 0
20 34 -1
40 52 0
20 29 -1
10 118 -1
20 10 -1
30 -1 0
20 0 -1
20 34 -1
40 48 0
20 11 -1
20 44 -1
10 31 -1
20 30 -1
20 30 -1
20 2 -1
30 -1 0
30 -1 0
20 2 -1
20 30 -1
20 30 -1
10 40 -1
20 29 -1
30 -1 0
20 14 -1
20 14 -1
20 29 -1
20 48 -1
10 118 -1
20 10 -1
30 -1 0
20 0 -1
20 34 -1
40 48 0
20 11 -1
20 44 -1
10 31 -1
20 30 -1
20 30 -1
20 2 -1
30 -1 0
30 -1 0
20 2 -1
20 30 -1
20 30 -1
10 40 -1
20 29 -1
30 -1 0
20 14 -1
20 14 -1
20 29 -1
10 83 -1
40 52 0
20 29 -1
20 48 -1
