20 3 -1
30 2 0
20 30 -1
30 3 0
20 36 -1
20 3 -1
30 2 0
20 30 -1
10 91 -1
20 36 -1
20 3 -1
30 2 0
20 30 -1
10 110 -1
20 36 -1
20 3 -1
30 2 0
20 30 -1
10 5 -1
20 36 -1
20 3 -1
30 2 0
20 30 -1
10 55 -1
20 36 -1
20 3 -1
30 2 0
20 30 -1
10 106 -1
20 36 -1
20 3 -1
30 2 0
20 30 -1
30 4 0
20 36 -1
20 3 -1
30 2 0
20 30 -1
10 35 -1
20 36 -1
20 3 -1
30 2 0
20 30 -1
10 76 -1
20 36 -1
20 3 -1
30 2 0
20 30 -1
10 86 -1
20 36 -1
20 3 -1
30 2 0
20 30 -1
10 58 -1
20 36 -1
20 3 -1
30 2 0
20 30 -1
10 82 -1
20 36 -1
20 3 -1
30 2 0
20 30 -1
10 106 -1
20 36 -1
20 3 -1
30 2 0
20 30 -1
10 107 -1
20 36 -1
20 3 -1
30 2 0
20 30 -1
10 10 -1
20 36 -1
20 3 -1
30 2 0
20 30 -1
10 101 -1
20 36 -1
20 3 -1
30 2 0
20 30 -1
10 68 -1
20 36 -1
20 3 -1
30 2 0
20 30 -1
30 5 1
20 36 -1
10 109 -1
10 61 -1
10 90 -1
20 29 -1
10 53 -1
30 6 0
20 10 -1
10 53 -1
20 6 -1
30 3 0
20 17 -1
10 25 -1
10 91 -1
20 6 -1
30 8 0
20 11 -1
20 44 -1
10 31 -1
20 30 -1
20 30 -1
30 3 0
20 30 -1
20 30 -1
30 8 0
20 30 -1
20 30 -1
10 40 -1
20 29 -1
10 81 -1
30 3 0
20 29 -1
20 48 -1
10 25 -1
10 37 -1
30 9 0
20 34 -1
40 1 0
20 22 -1
40 2 0
20 29 -1
10 53 -1
10 57 -1
20 10 -1
20 11 -1
20 44 -1
10 53 -1
30 10 0
20 34 -1
40 3 1
20 29 -1
10 53 -1
20 6 -1
30 11 0
20 34 -1
30 10 0
20 29 -1
10 46 -1
30 12 1
20 34 -1
40 1 0
20 22 -1
40 4 1
20 29 -1
10 90 -1
20 27 -1
20 27 -1
10 91 -1
30 8 0
20 34 -1
20 2 -1
30 13 0
20 2 -1
20 29 -1
10 91 -1
30 14 1
20 34 -1
20 2 -1
30 10 1
20 2 -1
20 29 -1
10 90 -1
20 27 -1
20 27 -1
10 117 -1
30 16 0
20 34 -1
30 17 1
20 2 -1
30 18 1
20 2 -1
20 29 -1
10 117 -1
30 19 0
20 34 -1
30 17 1
20 2 -1
30 15 0
20 2 -1
20 29 -1
10 11 -1
30 20 1
20 34 -1
10 99 -1
20 29 -1
10 15 -1
30 21 0
20 34 -1
20 9 -1
30 22 0
20 9 -1
20 29 -1
10 37 -1
30 23 1
20 34 -1
40 5 0
20 22 -1
40 6 0
20 29 -1
10 37 -1
20 6 -1
30 24 1
20 34 -1
30 23 1
20 29 -1
10 90 -1
20 27 -1
20 27 -1
10 110 -1
20 30 -1
10 53 -1
20 36 -1
30 25 2
20 34 -1
20 44 -1
40 1 0
20 17 -1
40 3 0
20 17 -1
40 4 0
20 48 -1
20 29 -1
10 90 -1
20 27 -1
20 27 -1
10 5 -1
20 30 -1
10 46 -1
20 17 -1
40 8 0
20 36 -1
30 26 1
20 34 -1
20 44 -1
40 2 0
20 22 -1
40 0 0
20 17 -1
40 3 0
20 22 -1
40 0 0
20 17 -1
40 4 0
20 22 -1
40 0 0
20 17 -1
40 9 0
20 22 -1
40 0 0
20 17 -1
40 8 0
20 22 -1
40 0 0
20 48 -1
20 29 -1
10 90 -1
20 27 -1
20 27 -1
10 55 -1
20 30 -1
10 90 -1
20 27 -1
20 27 -1
10 91 -1
20 36 -1
30 27 0
20 34 -1
20 44 -1
20 2 -1
30 28 3
20 2 -1
20 17 -1
20 2 -1
30 29 0
20 2 -1
20 17 -1
20 2 -1
30 20 0
20 2 -1
20 48 -1
20 29 -1
10 90 -1
20 27 -1
20 27 -1
10 106 -1
20 30 -1
10 90 -1
20 27 -1
20 27 -1
10 91 -1
20 17 -1
10 53 -1
20 36 -1
30 31 0
20 34 -1
20 44 -1
20 44 -1
20 2 -1
30 16 3
20 2 -1
20 17 -1
40 2 0
20 48 -1
20 17 -1
20 44 -1
20 2 -1
30 30 0
20 2 -1
20 17 -1
40 3 0
20 48 -1
20 48 -1
20 29 -1
10 110 -1
20 30 -1
10 53 -1
20 36 -1
30 32 0
20 34 -1
20 44 -1
40 2 0
20 17 -1
40 3 0
20 17 -1
40 4 0
20 48 -1
20 29 -1
10 5 -1
20 30 -1
10 46 -1
20 17 -1
40 8 0
20 36 -1
30 33 0
20 34 -1
20 44 -1
40 2 0
20 22 -1
40 0 0
20 17 -1
40 3 0
20 22 -1
40 0 0
20 17 -1
40 4 0
20 22 -1
40 0 0
20 17 -1
40 9 0
20 22 -1
40 0 0
20 17 -1
40 8 0
20 22 -1
40 0 0
20 48 -1
20 29 -1
10 55 -1
20 30 -1
10 90 -1
20 27 -1
20 27 -1
10 91 -1
20 36 -1
30 34 1
20 34 -1
20 44 -1
20 2 -1
30 16 3
20 2 -1
20 17 -1
20 2 -1
30 30 0
20 2 -1
20 17 -1
20 2 -1
30 20 0
20 2 -1
20 48 -1
20 29 -1
10 55 -1
20 30 -1
10 53 -1
20 36 -1
30 35 1
20 34 -1
20 44 -1
40 2 0
20 17 -1
40 3 0
20 17 -1
40 4 0
20 48 -1
20 29 -1
10 25 -1
10 55 -1
20 30 -1
10 53 -1
20 36 -1
30 36 0
20 34 -1
20 44 -1
40 9 0
20 17 -1
40 8 0
20 17 -1
40 10 0
20 48 -1
20 29 -1
10 55 -1
20 30 -1
10 53 -1
20 36 -1
20 6 -1
30 37 0
20 34 -1
30 35 1
20 29 -1
10 25 -1
10 55 -1
20 30 -1
10 53 -1
20 36 -1
20 6 -1
30 38 1
20 34 -1
30 36 0
20 29 -1
10 106 -1
20 30 -1
10 90 -1
20 27 -1
20 27 -1
10 91 -1
20 17 -1
10 53 -1
20 36 -1
30 39 0
20 34 -1
20 44 -1
20 44 -1
20 2 -1
30 16 3
20 2 -1
20 17 -1
40 2 0
20 48 -1
20 17 -1
20 44 -1
20 2 -1
30 30 0
20 2 -1
20 17 -1
40 3 0
20 48 -1
20 48 -1
20 29 -1
10 90 -1
20 27 -1
20 27 -1
30 28 0
20 30 -1
10 53 -1
20 36 -1
30 40 2
20 34 -1
20 44 -1
40 11 0
20 17 -1
40 12 1
20 17 -1
40 13 0
20 48 -1
20 29 -1
30 28 0
20 30 -1
10 53 -1
20 36 -1
30 41 0
20 34 -1
20 44 -1
40 11 0
20 17 -1
40 12 1
20 17 -1
40 13 0
20 48 -1
20 29 -1
10 90 -1
20 27 -1
20 27 -1
10 35 -1
20 30 -1
10 37 -1
20 36 -1
30 42 0
20 34 -1
20 44 -1
40 2 0
20 22 -1
40 2 0
20 17 -1
40 3 0
20 22 -1
40 3 0
20 17 -1
40 4 0
20 22 -1
40 4 0
20 48 -1
20 29 -1
10 35 -1
20 30 -1
10 37 -1
20 36 -1
30 43 0
20 34 -1
20 44 -1
40 2 0
20 22 -1
40 2 0
20 17 -1
40 3 0
20 22 -1
40 3 0
20 17 -1
40 4 0
20 22 -1
40 4 0
20 48 -1
20 29 -1
10 90 -1
20 27 -1
20 27 -1
10 76 -1
20 30 -1
10 53 -1
20 36 -1
30 44 2
20 29 -1
30 44 2
20 22 -1
30 45 0
20 10 -1
40 14 0
20 11 -1
20 29 -1
30 44 2
20 22 -1
30 45 0
20 10 -1
40 12 0
20 11 -1
20 29 -1
10 76 -1
20 30 -1
10 53 -1
20 36 -1
30 46 1
20 29 -1
30 46 1
20 22 -1
30 45 0
20 10 -1
40 11 0
20 11 -1
20 29 -1
30 46 1
20 22 -1
30 45 0
20 10 -1
40 12 0
20 11 -1
20 29 -1
10 90 -1
20 27 -1
20 27 -1
10 72 -1
20 30 -1
10 53 -1
20 36 -1
30 47 1
20 29 -1
30 47 1
20 22 -1
30 45 0
20 10 -1
40 16 0
20 11 -1
20 29 -1
30 47 1
20 22 -1
30 45 0
20 10 -1
40 17 1
20 11 -1
20 29 -1
10 72 -1
20 30 -1
10 53 -1
20 36 -1
30 48 0
20 29 -1
30 48 0
20 22 -1
30 45 0
20 10 -1
40 16 0
20 11 -1
20 29 -1
30 48 0
20 22 -1
30 45 0
20 10 -1
40 17 1
20 11 -1
20 29 -1
10 90 -1
20 27 -1
20 27 -1
10 86 -1
20 30 -1
10 15 -1
20 36 -1
30 49 1
20 29 -1
30 49 1
20 22 -1
30 45 0
20 10 -1
20 9 -1
30 50 0
20 9 -1
20 11 -1
20 29 -1
30 49 1
20 22 -1
30 45 0
20 10 -1
20 9 -1
30 51 0
20 9 -1
20 11 -1
20 29 -1
10 86 -1
20 30 -1
10 15 -1
20 36 -1
30 52 0
20 29 -1
30 52 0
20 22 -1
30 45 0
20 10 -1
20 9 -1
30 50 0
20 9 -1
20 11 -1
20 29 -1
30 52 0
20 22 -1
30 45 0
20 10 -1
20 9 -1
30 51 0
20 9 -1
20 11 -1
20 29 -1
10 90 -1
20 27 -1
20 27 -1
10 58 -1
20 30 -1
10 91 -1
20 17 -1
10 53 -1
20 36 -1
30 53 0
20 34 -1
20 44 -1
20 44 -1
20 2 -1
30 54 2
20 2 -1
20 17 -1
40 1 0
20 48 -1
20 17 -1
20 44 -1
20 2 -1
30 55 1
20 2 -1
20 17 -1
40 2 0
20 48 -1
20 17 -1
20 44 -1
20 2 -1
30 56 0
20 2 -1
20 17 -1
40 3 0
20 48 -1
20 48 -1
20 29 -1
10 58 -1
20 30 -1
10 91 -1
20 17 -1
10 53 -1
20 36 -1
30 57 2
20 34 -1
20 44 -1
20 44 -1
20 2 -1
30 54 2
20 2 -1
20 17 -1
40 1 0
20 48 -1
20 17 -1
20 44 -1
20 2 -1
30 55 1
20 2 -1
20 17 -1
40 2 0
20 48 -1
20 17 -1
20 44 -1
20 2 -1
30 56 0
20 2 -1
20 17 -1
40 3 0
20 48 -1
20 48 -1
20 29 -1
10 90 -1
20 27 -1
20 27 -1
10 82 -1
20 30 -1
10 53 -1
20 36 -1
30 58 1
20 34 -1
20 44 -1
40 18 0
20 17 -1
40 19 0
20 17 -1
40 20 0
20 48 -1
20 29 -1
10 82 -1
20 30 -1
10 53 -1
20 36 -1
30 59 4
20 34 -1
20 44 -1
40 18 0
20 17 -1
40 19 0
20 17 -1
40 20 0
20 48 -1
20 29 -1
10 90 -1
20 27 -1
20 27 -1
10 107 -1
20 30 -1
10 91 -1
20 36 -1
30 55 2
20 34 -1
20 44 -1
20 2 -1
30 61 0
20 2 -1
20 17 -1
20 2 -1
30 62 0
20 2 -1
20 17 -1
20 2 -1
30 63 0
20 2 -1
20 48 -1
20 29 -1
10 107 -1
20 30 -1
10 91 -1
20 36 -1
30 64 0
20 34 -1
20 44 -1
20 2 -1
30 61 0
20 2 -1
20 17 -1
20 2 -1
30 62 0
20 2 -1
20 17 -1
20 2 -1
30 63 0
20 2 -1
20 48 -1
20 29 -1
10 90 -1
20 27 -1
20 27 -1
30 65 0
20 30 -1
10 53 -1
20 17 -1
10 91 -1
20 36 -1
30 66 0
20 34 -1
20 44 -1
20 44 -1
40 1 0
20 17 -1
20 2 -1
30 47 2
20 2 -1
20 48 -1
20 17 -1
20 44 -1
40 1 0
20 17 -1
20 2 -1
30 60 0
20 2 -1
20 48 -1
20 17 -1
20 44 -1
40 2 0
20 17 -1
20 2 -1
30 21 0
20 2 -1
20 48 -1
20 48 -1
20 29 -1
30 65 0
20 30 -1
10 53 -1
20 17 -1
10 91 -1
20 36 -1
30 67 1
20 34 -1
20 44 -1
20 44 -1
40 1 0
20 17 -1
20 2 -1
30 47 2
20 2 -1
20 48 -1
20 17 -1
20 44 -1
40 1 0
20 17 -1
20 2 -1
30 60 0
20 2 -1
20 48 -1
20 17 -1
20 44 -1
40 2 0
20 17 -1
20 2 -1
30 21 0
20 2 -1
20 48 -1
20 48 -1
20 29 -1
10 90 -1
20 27 -1
20 27 -1
10 59 -1
20 30 -1
10 53 -1
20 36 -1
30 68 1
20 34 -1
20 44 -1
40 21 0
20 17 -1
40 22 0
20 17 -1
40 21 0
20 48 -1
20 29 -1
10 59 -1
20 30 -1
10 53 -1
20 36 -1
30 69 0
20 34 -1
20 44 -1
40 21 0
20 17 -1
40 22 0
20 17 -1
40 21 0
20 48 -1
20 29 -1
10 90 -1
20 27 -1
20 27 -1
10 10 -1
20 30 -1
40 23 0
20 36 -1
30 70 0
20 10 -1
40 24 1
20 11 -1
20 29 -1
20 25 -1
20 25 -1
40 25 1
10 10 -1
20 30 -1
40 23 0
20 36 -1
30 71 1
20 10 -1
40 24 1
20 11 -1
20 29 -1
20 25 -1
20 25 -1
40 25 1
10 90 -1
20 27 -1
20 27 -1
10 71 -1
20 30 -1
10 53 -1
20 17 -1
10 91 -1
20 36 -1
30 72 0
20 10 -1
40 26 0
20 17 -1
20 2 -1
30 73 0
20 2 -1
20 11 -1
20 29 -1
10 71 -1
20 30 -1
10 53 -1
20 17 -1
10 91 -1
20 36 -1
30 74 1
20 10 -1
40 26 0
20 17 -1
20 2 -1
30 73 0
20 2 -1
20 11 -1
20 29 -1
10 90 -1
20 27 -1
20 27 -1
10 101 -1
20 30 -1
10 53 -1
20 17 -1
10 37 -1
20 17 -1
10 91 -1
20 36 -1
30 75 0
20 10 -1
40 27 0
20 17 -1
40 4 0
20 22 -1
40 4 0
20 17 -1
20 2 -1
30 76 0
20 2 -1
20 11 -1
20 29 -1
10 101 -1
20 30 -1
10 53 -1
20 17 -1
10 37 -1
20 17 -1
10 91 -1
20 36 -1
30 77 0
20 10 -1
40 27 0
20 17 -1
40 4 0
20 22 -1
40 4 0
20 17 -1
20 2 -1
30 76 0
20 2 -1
20 11 -1
20 29 -1
10 90 -1
20 27 -1
20 27 -1
10 68 -1
20 30 -1
10 53 -1
20 36 -1
30 78 1
20 34 -1
40 28 0
20 29 -1
10 90 -1
20 27 -1
20 27 -1
10 68 -1
20 30 -1
10 53 -1
20 36 -1
30 79 0
20 29 -1
10 68 -1
20 30 -1
10 53 -1
20 36 -1
30 80 0
20 34 -1
40 28 0
20 29 -1
10 68 -1
20 30 -1
10 53 -1
20 36 -1
30 81 0
20 29 -1
10 90 -1
20 27 -1
20 27 -1
30 0 0
20 30 -1
10 53 -1
20 17 -1
10 91 -1
20 36 -1
30 82 1
20 34 -1
40 29 0
20 29 -1
10 90 -1
20 27 -1
20 27 -1
30 0 0
20 30 -1
10 53 -1
20 17 -1
10 91 -1
20 36 -1
30 83 0
20 34 -1
20 2 -1
30 84 0
20 2 -1
20 29 -1
30 0 0
20 30 -1
10 53 -1
20 17 -1
10 91 -1
20 36 -1
30 85 0
20 34 -1
40 29 0
20 29 -1
30 0 0
20 30 -1
10 53 -1
20 17 -1
10 91 -1
20 36 -1
30 86 1
20 34 -1
20 2 -1
30 84 0
20 2 -1
20 29 -1
30 0 0
20 30 -1
10 53 -1
20 17 -1
10 91 -1
20 36 -1
20 6 -1
30 87 1
20 34 -1
30 86 1
20 29 -1
10 81 -1
40 0 0
20 29 -1
20 48 -1
